16
11,0,1,0,10,0,2,0,12,5,0,0,0,0,4,0
12,2,0,0,9,1,0,13,0,4,0,11,16,5,8,0
0,0,0,3,0,0,0,8,1,13,0,0,0,6,0,2
0,0,6,0,3,16,0,0,0,15,0,2,10,0,7,0
7,0,12,0,0,5,1,2,0,8,0,0,0,4,9,0
1,0,0,0,4,0,0,0,16,0,10,5,13,3,0,8
0,3,0,0,16,0,0,0,0,12,0,0,1,0,5,0
5,0,0,2,0,9,0,0,0,1,0,0,0,0,16,15
15,16,0,0,0,0,8,0,0,0,5,0,6,0,0,10
0,1,0,12,0,0,6,0,0,0,0,8,0,0,11,0
10,0,3,4,14,15,0,12,0,0,0,1,0,0,0,5
0,11,5,0,0,0,4,0,13,9,14,0,0,2,0,16
0,15,0,10,12,0,14,0,0,0,9,13,0,16,0,0
8,0,14,0,0,0,10,11,5,0,0,0,4,0,0,0
0,5,7,6,13,0,9,0,10,0,15,3,0,0,1,12
0,9,0,0,0,0,15,3,0,2,0,4,0,13,0,14