2
50
1.0,0.00187
0.0,0.00208
0.0,0.00315
1.0,0.00365
0.0,0.00893
1.0,0.00124
0.0,0.00359
0.0,0.00112
0.0,0.00305
0.0,0.00271
1.0,0.01269
0.0,0.00294
0.0,0.00571
0.0,0.00256
0.0,0.0016
0.0,0.00241
0.0,0.00142
0.0,0.00278
0.0,0.00149
0.0,0.00168
0.0,0.00248
0.0,0.00161
1.0,0.00199
1.0,0.00325
0.0,0.00278
1.0,0.00306
0.0,0.00322
1.0,0.00475
0.0,0.00106
0.0,0.00093
0.0,0.00574
0.0,0.00141
0.0,0.00115
1.0,0.00939
0.0,0.00101
0.0,0.00418
1.0,0.00205
0.0,0.00054
0.0,0.00374
0.0,0.00265
1.0,0.0029
0.0,0.00215
0.0,0.00119
0.0,0.00284
0.0,0.00135
0.0,0.00484
0.0,0.00183
0.0,0.0026
0.0,0.00582
0.0,0.00139
