6
20
60.0,0.00571,6.169e-05,0.00288,0.00318,13.691
49.0,0.00883,9.145e-05,0.00511,0.00488,26.486
73.0,0.00701,5.906e-05,0.00357,0.00387,27.612
75.0,0.0084,6.645e-05,0.00265,0.00409,24.699
49.0,0.00614,5.712e-05,0.00272,0.00281,22.733
58.0,0.00493,4.727e-05,0.00182,0.0028,14.344
73.0,0.01102,9.535e-05,0.00596,0.00607,26.566
58.0,0.00314,2.889e-05,0.00118,0.00184,15.427
63.0,0.00533,3.962e-05,0.00253,0.00277,26.498
58.0,0.00611,5.006e-05,0.00336,0.00336,12.915
68.0,0.00584,2.493e-05,0.00293,0.00334,37.658
71.0,0.00592,4.086e-05,0.00277,0.00342,34.857
73.0,0.01051,9.04e-05,0.00617,0.00599,25.066
74.0,0.00582,5.347e-05,0.00237,0.00368,13.4
62.0,0.00367,2.39e-05,0.00176,0.00194,17.667
57.0,0.00576,2.403e-05,0.00228,0.00186,10.724
67.0,0.00534,3.878e-05,0.00255,0.00302,10.782
56.0,0.0041,2.009e-05,0.00234,0.00215,34.293
75.0,0.01043,7.605e-05,0.00415,0.00457,28.039
66.0,0.00324,1.185e-05,0.00156,0.00151,25.763
