5
150
67.0,133.77,0.0,2.037e-05,0.00185
66.0,160.69,0.0,2.727e-05,0.00189
66.0,146.44,0.0,3.582e-05,0.00217
57.0,138.87,1.0,8.16e-06,0.00104
68.0,133.35,0.0,0.00010525,0.0052
71.0,34.422,0.0,5.332e-05,0.00366
72.0,51.59,0.0,8.877e-05,0.00492
73.0,29.597,1.0,6.99e-06,0.00079
58.0,59.8,0.0,5.486e-05,0.00398
71.0,20.428,0.0,4.388e-05,0.00385
76.0,140.37,0.0,4.821e-05,0.00274
68.0,196.36,0.0,3.601e-05,0.00259
58.0,68.728,0.0,5.547e-05,0.00345
74.0,125.31,1.0,4.803e-05,0.00417
55.0,158.84,0.0,7.003e-05,0.00511
65.0,215.49,0.0,1.408e-05,0.00106
74.0,153.32,1.0,3.513e-05,0.00382
59.0,157.53,1.0,2.095e-05,0.00208
85.0,7.7389,1.0,3.197e-05,0.00265
75.0,118.34,0.0,7.969e-05,0.00499
78.0,170.43,0.0,1.777e-05,0.00136
57.0,35.259,0.0,1.468e-05,0.00137
63.0,5.341,0.0,7.042e-05,0.00504
60.0,46.775,0.0,7.09e-05,0.00373
57.0,168.38,1.0,3.02e-05,0.00324
66.0,139.3,1.0,2.216e-05,0.00294
58.0,115.8,0.0,4.019e-05,0.00292
66.0,68.396,0.0,0.00029007,0.02326
78.0,80.351,0.0,4.077e-05,0.00311
62.0,42.361,0.0,4.033e-05,0.00361
66.0,27.29,0.0,3.656e-05,0.00187
72.0,68.688,0.0,2.702e-05,0.00253
66.0,72.414,1.0,3.019e-05,0.00351
74.0,149.78,0.0,3.462e-05,0.00245
73.0,98.597,1.0,3.318e-05,0.00188
36.0,122.5,1.0,2.362e-05,0.00205
65.0,96.431,0.0,5.53e-05,0.00263
65.0,152.46,0.0,1.605e-05,0.00124
74.0,48.326,1.0,2.17e-05,0.00231
36.0,17.448,1.0,1.543e-05,0.0015
78.0,87.352,0.0,2.92e-05,0.00252
65.0,25.388,0.0,1.996e-05,0.00144
76.0,85.394,0.0,4.735e-05,0.00279
72.0,147.27,0.0,6.921e-05,0.00359
67.0,102.81,0.0,4.316e-05,0.003
68.0,7.4861,1.0,3.173e-05,0.00389
65.0,5.4264,0.0,7.541e-05,0.00387
73.0,43.597,1.0,2.261e-05,0.00222
72.0,133.32,0.0,4.699e-05,0.00276
74.0,170.76,0.0,3.315e-05,0.00239
74.0,153.32,1.0,5.079e-05,0.00521
76.0,105.37,0.0,3.744e-05,0.00198
55.0,84.581,0.0,2.566e-05,0.00193
63.0,124.34,0.0,2.922e-05,0.00242
58.0,133.39,1.0,1.744e-05,0.00166
58.0,143.48,0.0,3.952e-05,0.00173
65.0,152.46,0.0,3.911e-05,0.00204
57.0,54.808,1.0,1.077e-05,0.0014
55.0,84.578,0.0,2.056e-05,0.00144
59.0,114.52,1.0,2.612e-05,0.00261
58.0,90.799,0.0,6.227e-05,0.00385
76.0,77.413,0.0,4.012e-05,0.00213
57.0,105.42,1.0,1.575e-05,0.00143
72.0,145.64,0.0,1.78e-05,0.00156
59.0,45.422,1.0,3.969e-05,0.00413
85.0,14.701,1.0,2.379e-05,0.00211
67.0,77.762,0.0,3.045e-05,0.0025
76.0,140.37,0.0,5.102e-05,0.00273
56.0,147.74,1.0,1.517e-05,0.00162
73.0,168.61,1.0,2.055e-05,0.00194
73.0,67.847,0.0,4.71e-05,0.00321
58.0,98.378,1.0,1.426e-05,0.00148
55.0,60.733,0.0,4.974e-05,0.00208
60.0,67.76,0.0,5.287e-05,0.00304
74.0,170.76,0.0,2.678e-05,0.00183
59.0,143.38,1.0,2.454e-05,0.0026
57.0,130.54,1.0,4.132e-05,0.00405
57.0,161.28,0.0,2.733e-05,0.00262
68.0,105.49,1.0,0.00010379,0.00528
66.0,30.401,1.0,1.713e-05,0.00241
72.0,105.3,0.0,3.726e-05,0.00234
57.0,35.674,1.0,1.403e-05,0.00134
73.0,186.88,0.0,6.26e-05,0.00423
66.0,100.37,1.0,2.753e-05,0.00273
55.0,60.732,0.0,6.864e-05,0.00453
58.0,42.374,1.0,1.464e-05,0.00138
57.0,108.6,1.0,2.837e-05,0.00242
66.0,107.4,1.0,1.688e-05,0.0025
85.0,7.7396,1.0,3.764e-05,0.00322
72.0,91.301,0.0,4.882e-05,0.00223
68.0,189.17,0.0,0.00014858,0.00851
68.0,49.345,0.0,7.696e-05,0.00372
74.0,34.356,1.0,4.576e-05,0.00428
73.0,137.84,0.0,5.62e-05,0.00368
73.0,15.549,1.0,1.99e-05,0.0019
36.0,136.44,1.0,1.53e-05,0.00132
68.0,119.49,1.0,8.1e-05,0.00706
60.0,117.82,0.0,5.186e-05,0.00277
36.0,24.422,1.0,1.011e-05,0.00105
59.0,10.581,0.0,3.227e-05,0.00205
66.0,138.4,0.0,6.857e-05,0.00385
65.0,33.426,0.0,5.177e-05,0.00285
68.0,63.609,1.0,9.471e-05,0.00891
67.0,85.759,0.0,3.213e-05,0.00279
66.0,27.292,0.0,2.461e-05,0.00142
72.0,174.66,0.0,2.698e-05,0.00258
63.0,5.3417,0.0,2.505e-05,0.00173
75.0,7.3597,0.0,5.127e-05,0.00375
72.0,154.26,0.0,5.725e-05,0.00269
73.0,8.5979,1.0,8.64e-06,0.00095
60.0,158.8,0.0,3.859e-05,0.00234
66.0,27.306,1.0,1.227e-05,0.0012
67.0,39.842,0.0,5.716e-05,0.00331
74.0,27.363,1.0,0.00011631,0.00763
59.0,107.51,1.0,2.852e-05,0.00302
67.0,104.77,0.0,6.016e-05,0.00488
74.0,44.69,0.0,4.19e-05,0.00279
59.0,79.503,1.0,2.04e-05,0.00216
75.0,181.34,0.0,7.391e-05,0.00499
73.0,137.84,0.0,8.532e-05,0.00557
60.0,174.85,0.0,4.494e-05,0.0027
67.0,104.77,0.0,5.138e-05,0.00445
62.0,126.42,0.0,2.111e-05,0.00171
57.0,28.468,1.0,2.653e-05,0.00247
68.0,63.609,1.0,1.922e-05,0.00259
66.0,61.511,0.0,1.68e-05,0.0012
73.0,158.8,0.0,5.48e-05,0.00383
74.0,101.72,0.0,5.996e-05,0.00364
65.0,82.471,0.0,9.39e-06,0.0007
65.0,60.349,0.0,2.902e-05,0.00227
58.0,45.802,0.0,6.189e-05,0.00373
57.0,152.89,1.0,7.55e-06,0.00087
61.0,37.77,0.0,6.089e-05,0.00397
67.0,133.77,0.0,2.234e-05,0.00186
59.0,115.67,0.0,5.875e-05,0.00336
56.0,21.754,1.0,1.761e-05,0.00201
65.0,75.49,0.0,1.289e-05,0.00105
58.0,31.317,0.0,2.118e-05,0.00128
55.0,35.453,0.0,2.324e-05,0.00171
56.0,56.762,1.0,2.451e-05,0.00253
57.0,28.47,1.0,2.354e-05,0.0022
62.0,51.301,1.0,9.156e-05,0.01055
68.0,70.486,1.0,3.91e-05,0.00344
73.0,120.56,1.0,2.547e-05,0.00303
85.0,112.7,1.0,0.00016254,0.01155
67.0,49.762,0.0,4.808e-05,0.00519
59.0,66.659,0.0,4.941e-05,0.00297
68.0,42.343,0.0,0.00011114,0.0059
59.0,171.52,0.0,4.943e-05,0.00228
66.0,124.48,0.0,2.751e-05,0.00213
