5
20
72.0,0.0,0.00662,3.38e-05,28.199
72.0,0.0,0.003,1.68e-05,28.447
58.0,0.0,0.0081,6.375e-05,11.218
58.0,0.0,0.00804,6.187e-05,11.359
57.0,0.0,0.00273,1.57e-05,23.856
57.0,0.0,0.0038,2.347e-05,24.275
74.0,0.0,0.00382,3.005e-05,11.27
74.0,0.0,0.0032,2.51e-05,11.803
75.0,0.0,0.00501,3.648e-05,31.0
75.0,0.0,0.00563,4.404e-05,31.0
63.0,0.0,0.00453,3.481e-05,27.729
63.0,0.0,0.00764,5.642e-05,27.575
72.0,0.0,0.00526,6.016e-05,16.816
72.0,0.0,0.00589,5.906e-05,17.042
73.0,1.0,0.0087,4.743e-05,18.169
73.0,1.0,0.0054,3.137e-05,18.246
68.0,0.0,0.0124,0.00011434,17.0
68.0,0.0,0.01136,0.00011587,17.0
58.0,0.0,0.00476,4.216e-05,12.0
58.0,0.0,0.00987,8.136e-05,12.0