80338.88395459765
78185.93065427445
61.03609142884213
498994.00957826956
61.03609142884213
9.987047059034332
241538.24492817692
61.03609142884213
80338.88395459765
61.03609142884213
nan
78185.93065427445
79897.59659299273
nan
55.27729504301563
55.27729504301563
55.27729504301563
16.497153636913858
61.03609142884213
nan
nan
8.777268312375556e+109
61.03609142884213
2.8390607411603468e+110
2.0051275057960397e+267
inf
64.54483381259138
9.987047059034332
82.97002753204544
241538.24492817692
142886.90248330412
74.42059239034374
73.67228377202719
74.3905289630152
1.4381895003722003e-05
1.4391852267379056e-05
6.568896235947521e-06
nan
nan
nan
nan
nan
0.007646980992271309
54.01915363051159
nan
59.203824308040865
282.16999663799805
411.0354375746652
nan
nan
nan
59.24906532504214
58.750924496433676
nan
nan
nan
73.82458021623604
58.610401795383005
59.93850663797822
60.21325060769815
nan
58.70573007000162
59.35356727982215
58.76901091480293
58.77483914693376
58.6249418853092
58.74981295354267
nan
nan
58.699294852569686
nan
58.47024676278256
nan
58.470703692561365
59.277455742416706
58.46422249661401
nan
59.27288553949328
59.06135437697339
nan
nan
59.082081054113196
59.506740847186165
59.67803793557447
59.906588137251205
59.25595107901352
59.00680799122138
58.974098246941466
59.141913456984135
59.75320206112381
58.980605938363176
60.97724778173439
59.52251604922492
106.34815874592918
66.06548735763657
65.25533666128884
59.28652347228191
nan
nan
nan
nan
58.70313078326217
59.31932815392304
nan
nan
58.62033568087768
418.23086143024165
nan
5288.487767921463
405.0711424479544
79.18707191227696
60.379578237951634
59.018846647671275
59.05650394728155
1072.8186058693127
59.02480827427475
59.19146380932442
2714.791418421007
nan
117.19150895950546
3905.427954017331
59.187752874025335
59.18836063602757
59.252670865401704
60.175279856030144
59.26226363072363
58.80733117021407
58.778322820405485
58.689780583348
58.60491208334318
58.6004861343549
58.57605523583558
58.54031705928875
58.28107377528207
58.12761717940194
59.325675518093966
58.12570127096714
57.85751690046485
57.670552416978495
57.77208868848828
58.41846229125932
59.358610225267924
26.70056184975384
26.70056184975384
35.027909349481384
26.70056184975384
10.172681904807021
11.305315709784908
10.172681904807021
1.6645078431723885
123.29670491484273
110.3541883582421
10.172681904807021
11.305315709784908
1.6645078431723885
4.1454515747225615
123.29670491484273
110.3541883582421
88.52815318823048
30.38498778847504
57.74666610938806
58.13455532066454
88.52815318823048
30.38498778847504
57.74666610938806
58.13455532066454
57.74666610938806
11.305315709784908
30.38498778847504
