4
200
2.9132e-06,-5.2477e-06,3.3421e-06,1.0
-2.9517e-06,-3.184e-06,-1.592e-05,1.0
-1.3226e-06,8.8201e-06,-1.5879e-05,1.0
-6.8366e-08,5.6663e-07,-2.5906e-05,1.0
-9.5849e-07,5.2143e-08,-4.7359e-05,1.0
-1.7837e-06,1.3036e-06,-3.7851e-05,1.0
-2.5666e-06,-1.6795e-07,1.4838e-05,1.0
-5.474e-06,1.0865e-07,-1.0972e-05,1.0
2.8256e-06,6.0676e-06,0.00011821,1.0
-1.3829e-06,-6.9526e-07,-2.1571e-07,1.0
-6.5738e-07,-3.9519e-07,3.1868e-05,1.0
-5.7627e-06,-1.7659e-06,5.8375e-06,1.0
-2.2366e-06,-1.7995e-06,8.2932e-06,1.0
-1.0124e-06,-3.0823e-06,-1.5992e-05,1.0
-3.1425e-06,6.6176e-06,-4.033e-06,1.0
-3.6578e-06,-7.0018e-07,-3.3961e-07,1.0
-6.1184e-07,3.7836e-06,-1.6195e-05,1.0
-1.8657e-06,2.0029e-06,-1.7292e-05,1.0
-2.5546e-06,-2.836e-06,-1.2322e-06,1.0
-3.3407e-06,-6.7359e-06,-3.042e-05,1.0
1.7225e-06,2.9545e-06,3.6324e-06,1.0
-3.9678e-06,-2.7528e-06,1.5487e-05,1.0
-1.1745e-06,4.4887e-06,2.6326e-05,1.0
-5.2271e-06,-1.401e-06,2.277e-05,1.0
-2.6234e-06,-1.1101e-06,-8.6267e-06,1.0
-1.6133e-08,1.1182e-06,-1.6234e-05,1.0
9.2217e-07,1.2137e-06,-5.5268e-06,1.0
-1.6319e-07,6.8112e-06,5.3546e-05,1.0
-1.9643e-06,-7.5943e-07,2.2226e-05,1.0
-1.4038e-06,8.7628e-06,5.6456e-07,1.0
-1.467e-06,3.0409e-06,2.4101e-05,1.0
-5.3908e-06,1.4417e-06,-2.0431e-06,1.0
-4.9992e-06,1.3476e-05,1.8171e-05,1.0
-4.1601e-06,-1.4213e-06,-1.3799e-05,1.0
-5.5616e-06,4.6794e-06,2.8787e-05,1.0
-4.4743e-06,-9.3831e-06,-7.0834e-06,1.0
-6.7715e-07,1.6178e-06,8.4302e-06,1.0
-1.818e-06,5.5358e-06,-1.4145e-05,1.0
1.547e-07,-8.2531e-07,-9.7288e-06,1.0
-6.026e-06,-1.5339e-06,1.1712e-06,1.0
1.6035e-06,4.3453e-06,-9.1552e-06,1.0
-1.2039e-06,2.9924e-06,-2.5099e-05,1.0
-2.8738e-06,-2.219e-06,-1.3043e-05,1.0
-1.9545e-06,-3.1284e-06,-2.4407e-06,1.0
2.48e-06,2.9284e-06,7.4068e-06,1.0
-4.2789e-06,-4.5902e-06,-3.94e-06,1.0
-4.539e-06,3.4773e-06,-2.7502e-05,1.0
8.1037e-07,1.5175e-06,2.1013e-05,1.0
7.2917e-07,4.9354e-06,-3.4392e-05,1.0
3.4369e-07,3.1279e-06,-1.1807e-05,1.0
-1.2477e-06,3.2383e-06,2.0186e-05,1.0
-4.7297e-07,5.7936e-07,-7.4795e-06,1.0
-1.8436e-06,-2.4819e-06,-1.5773e-05,1.0
-6.4657e-07,3.8635e-06,-1.7121e-06,1.0
-2.2147e-06,-3.2784e-06,1.5258e-06,1.0
-2.7387e-06,2.3825e-06,-4.9388e-06,1.0
-2.7581e-06,5.5075e-06,-2.0815e-05,1.0
-2.2866e-06,-1.105e-06,2.0911e-05,1.0
-3.4913e-06,-1.6107e-06,4.9187e-06,1.0
-7.1798e-06,-1.3347e-06,2.0367e-05,1.0
-1.8573e-06,-7.4147e-06,-1.3471e-05,1.0
1.6757e-06,2.1765e-06,-5.0267e-06,1.0
-2.4584e-06,-4.2986e-06,1.698e-05,1.0
-2.1151e-06,-1.0187e-06,8.705e-06,1.0
5.454e-09,-3.3718e-07,-3.7183e-05,1.0
-3.9689e-06,-5.3514e-06,8.7073e-06,1.0
-6.0194e-07,5.0776e-06,-2.5904e-05,1.0
-1.3201e-06,-3.3038e-06,-1.6222e-05,1.0
-9.3665e-07,3.8321e-06,1.3894e-05,1.0
-1.1086e-06,3.4939e-06,8.5285e-06,1.0
-3.0121e-06,6.3179e-06,4.8408e-06,1.0
-1.5287e-06,1.6318e-06,9.3892e-07,1.0
-1.1831e-06,2.8013e-06,1.4887e-05,1.0
6.5063e-07,-2.584e-06,-1.5208e-06,1.0
-2.6601e-06,1.5819e-06,1.1495e-05,1.0
-3.5221e-06,-1.6121e-06,-6.5083e-06,1.0
2.3005e-06,-1.3573e-06,3.9998e-06,1.0
3.4343e-07,-4.8131e-06,4.1969e-06,1.0
4.1117e-06,-2.5903e-06,3.1339e-05,1.0
-3.1634e-06,6.1556e-06,4.7071e-05,1.0
-2.6462e-06,1.0359e-06,8.935e-06,1.0
-2.1267e-06,9.125e-07,3.1361e-05,1.0
-2.6623e-06,2.1749e-06,-1.6743e-06,1.0
-2.5202e-06,1.9699e-07,-9.4363e-06,1.0
-8.8788e-07,-3.5488e-06,-9.8725e-06,1.0
2.6156e-06,-1.2334e-06,-5.5247e-06,1.0
-1.4185e-06,-7.2941e-08,-1.1595e-06,1.0
-1.7911e-06,4.9667e-08,-4.2359e-06,1.0
3.2999e-06,8.4297e-07,3.4738e-06,1.0
4.0784e-07,3.9237e-06,2.1847e-05,1.0
1.3196e-06,1.7449e-06,1.2806e-05,1.0
-3.7777e-06,-7.8731e-07,8.6916e-06,1.0
-3.0969e-06,-1.6104e-06,-1.9702e-05,1.0
-2.7352e-06,5.6507e-06,5.2865e-06,1.0
-1.2018e-06,5.4515e-06,1.4101e-06,1.0
-4.9414e-06,3.6263e-06,-2.4024e-05,1.0
-1.5239e-06,-3.21e-06,-1.2695e-05,1.0
7.9852e-07,-4.498e-06,-4.8395e-06,1.0
-2.7512e-06,2.7325e-06,-1.6491e-06,1.0
-2.1475e-06,-6.2401e-06,-2.7631e-05,1.0
-5.3283e-06,-1.4917e-07,2.8592e-06,2.0
-4.6372e-06,-1.8532e-06,7.6872e-06,2.0
-5.8055e-06,6.987e-06,9.1962e-07,2.0
-4.8525e-06,3.1624e-06,1.4773e-05,2.0
-2.0533e-06,6.8109e-06,-1.2338e-05,2.0
-4.1061e-06,3.4341e-06,-2.4725e-07,2.0
-5.8041e-06,2.5765e-06,-4.3049e-05,2.0
-7.8098e-08,3.1659e-06,-2.7211e-06,2.0
-4.1933e-06,-6.82e-07,7.3772e-06,2.0
-7.895e-06,-3.3774e-06,-9.5113e-07,2.0
-6.3435e-06,-5.6741e-09,2.6583e-05,2.0
-4.0705e-06,-7.7023e-07,9.9508e-06,2.0
-7.235e-06,-1.9651e-06,-9.3321e-06,2.0
-4.5816e-06,1.2842e-06,6.4269e-06,2.0
-4.5042e-06,3.4946e-07,-1.6084e-05,2.0
-4.9248e-06,-2.956e-06,-1.2824e-05,2.0
-4.1545e-06,5.5852e-06,9.0312e-06,2.0
-5.8977e-06,-6.2711e-06,-6.5021e-06,2.0
-4.1019e-06,-3.9586e-06,-5.4751e-06,2.0
-4.3029e-06,1.9325e-06,-1.1764e-05,2.0
-2.8678e-06,5.3379e-07,9.2973e-06,2.0
-2.1585e-06,-1.5814e-06,1.5827e-05,2.0
-5.8031e-06,1.5031e-06,6.6422e-06,2.0
-3.0514e-06,-8.5139e-06,-6.6021e-06,2.0
-5.5104e-06,-2.8074e-06,1.1736e-06,2.0
-7.3709e-06,2.2243e-06,-1.6495e-05,2.0
-3.869e-06,-5.2532e-06,-1.5443e-05,2.0
-4.9472e-06,1.8734e-06,-8.2803e-06,2.0
-6.2993e-06,5.5118e-06,-1.2579e-05,2.0
-6.9333e-06,1.279e-06,7.3511e-06,2.0
-2.339e-06,-2.683e-06,2.7183e-05,2.0
-6.4855e-06,-4.9676e-06,-8.6272e-06,2.0
-7.0797e-06,-1.0369e-07,2.3985e-06,2.0
-4.0806e-06,-4.0868e-06,2.3247e-05,2.0
-3.7393e-06,-2.7434e-07,7.1018e-07,2.0
-3.4107e-06,1.0302e-06,-6.7282e-07,2.0
-7.4463e-06,-2.3328e-06,8.7415e-06,2.0
-6.4815e-06,-3.9623e-06,-2.2052e-05,2.0
-5.7244e-06,6.8977e-06,1.2844e-05,2.0
-6.8376e-06,3.3834e-06,2.9565e-06,2.0
-4.2548e-06,-3.1114e-06,-6.4624e-06,2.0
-3.3812e-06,1.0657e-06,1.0523e-05,2.0
-1.5954e-06,1.5842e-07,2.3225e-05,2.0
-5.618e-06,-4.7536e-06,-4.6119e-06,2.0
-8.0134e-06,-4.6136e-07,-7.7046e-06,2.0
-3.8844e-06,6.1575e-07,2.0411e-05,2.0
-1.8669e-06,5.1854e-06,1.1344e-05,2.0
-6.9908e-06,7.291e-08,-5.4709e-06,2.0
-5.0015e-06,7.0209e-07,5.9769e-06,2.0
-4.4101e-07,6.6606e-08,2.401e-05,2.0
-5.3503e-06,3.2836e-06,3.8032e-06,2.0
-7.0767e-06,-1.4394e-06,2.1106e-05,2.0
-6.3746e-06,2.7886e-06,-1.2456e-05,2.0
-2.319e-06,-9.8189e-07,2.6114e-05,2.0
-8.6376e-06,3.0775e-06,-1.4851e-05,2.0
-4.8505e-06,-1.5064e-07,6.874e-06,2.0
-4.3699e-06,-4.3657e-06,-1.3724e-05,2.0
-4.628e-06,-7.887e-07,-2.3906e-05,2.0
-2.702e-06,-9.9878e-07,9.819e-06,2.0
-3.2202e-06,3.7683e-06,1.1603e-05,2.0
-6.8297e-06,-3.0869e-06,2.0568e-05,2.0
-4.3369e-06,1.8282e-06,1.4365e-06,2.0
-2.844e-06,7.5418e-07,5.3368e-06,2.0
-5.0345e-06,2.7214e-06,-9.9542e-05,2.0
-3.735e-06,1.0879e-06,-0.00012482,2.0
-6.9528e-06,1.0219e-05,-0.00014617,2.0
-0.0085477,-0.0054144,-0.0060557,2.0
-4.7391e-06,9.9832e-07,2.205e-05,2.0
-3.1738e-06,2.6194e-05,-0.00014373,2.0
-4.5402e-07,-1.6419e-05,5.5209e-05,2.0
-4.0605e-06,1.9806e-05,-0.00057721,2.0
-5.0859e-06,2.5701e-05,-0.00021905,2.0
-1.4397e-06,0.00015093,0.00029477,2.0
-4.4083e-06,1.7203e-05,-3.0384e-05,2.0
-6.1405e-06,-1.6387e-05,0.00025388,2.0
-8.061e-06,2.5836e-05,1.0722e-06,2.0
-7.749e-06,-1.634e-05,-3.2295e-05,2.0
-6.0327e-06,-2.3715e-05,-0.00014963,2.0
-5.7023e-06,1.2805e-05,3.9982e-05,2.0
-4.9152e-06,1.9779e-05,7.9877e-05,2.0
-1.2623e-06,-2.3205e-05,-6.64e-05,2.0
-2.7112e-06,-1.5619e-05,-0.00011774,2.0
-5.5132e-06,-5.1916e-05,-0.0002327,2.0
-5.1412e-06,1.4119e-05,-3.1615e-05,2.0
-3.5459e-06,-1.4999e-06,-0.00019129,2.0
-1.0914e-06,8.1701e-07,-9.2516e-05,2.0
-8.0428e-07,-2.614e-05,-0.00014951,2.0
-6.11e-06,2.0774e-06,0.00015137,2.0
-3.3998e-06,7.6885e-06,6.5742e-05,2.0
-3.1969e-06,7.1634e-05,0.00014418,2.0
-2.9636e-06,2.7614e-06,0.00014028,2.0
-6.1558e-06,1.8499e-05,0.00015436,2.0
-4.0497e-06,3.4761e-05,9.1681e-05,2.0
-3.9688e-06,2.4103e-06,9.1236e-05,2.0
-3.9051e-06,-1.8746e-05,-9.7117e-05,2.0
-5.3998e-06,6.2619e-06,-6.8553e-05,2.0
-4.7499e-06,1.7564e-05,8.5108e-05,2.0
-3.4158e-06,-2.2844e-05,0.00013012,2.0
-5.0618e-06,-1.7137e-05,1.2961e-05,2.0
-7.0566e-06,1.1911e-06,-0.00012402,2.0
