4
20
2.9132e-06,-5.2477e-06,3.3421e-06,1.0
-2.9517e-06,-3.184e-06,-1.592e-05,1.0
-1.3226e-06,8.8201e-06,-1.5879e-05,1.0
-6.8366e-08,5.6663e-07,-2.5906e-05,1.0
-9.5849e-07,5.2143e-08,-4.7359e-05,1.0
-1.7837e-06,1.3036e-06,-3.7851e-05,1.0
-2.5666e-06,-1.6795e-07,1.4838e-05,1.0
-5.474e-06,1.0865e-07,-1.0972e-05,1.0
2.8256e-06,6.0676e-06,0.00011821,1.0
-1.3829e-06,-6.9526e-07,-2.1571e-07,1.0
-5.3283e-06,-1.4917e-07,2.8592e-06,2.0
-4.6372e-06,-1.8532e-06,7.6872e-06,2.0
-5.8055e-06,6.987e-06,9.1962e-07,2.0
-4.8525e-06,3.1624e-06,1.4773e-05,2.0
-2.0533e-06,6.8109e-06,-1.2338e-05,2.0
-4.1061e-06,3.4341e-06,-2.4725e-07,2.0
-5.8041e-06,2.5765e-06,-4.3049e-05,2.0
-7.8098e-08,3.1659e-06,-2.7211e-06,2.0
-4.1933e-06,-6.82e-07,7.3772e-06,2.0
-7.895e-06,-3.3774e-06,-9.5113e-07,2.0
