16
11,8,1,7,10,14,2,6,12,5,3,16,15,9,4,13
12,2,10,15,9,1,7,13,14,4,6,11,16,5,8,3
9,4,16,3,15,12,5,8,1,13,7,10,11,6,14,2
13,14,6,5,3,16,11,4,9,15,8,2,10,12,7,1
7,10,12,16,6,5,1,2,3,8,13,15,14,4,9,11
1,6,15,9,4,11,12,14,16,7,10,5,13,3,2,8
14,3,8,11,16,10,13,15,2,12,4,9,1,7,5,6
5,13,4,2,8,9,3,7,6,1,11,14,12,10,16,15
15,16,13,14,11,2,8,9,4,3,5,7,6,1,12,10
2,1,9,12,7,13,6,5,15,10,16,8,3,14,11,4
10,7,3,4,14,15,16,12,11,6,2,1,9,8,13,5
6,11,5,8,1,3,4,10,13,9,14,12,7,2,15,16
3,15,2,10,12,4,14,1,8,11,9,13,5,16,6,7
8,12,14,13,2,7,10,11,5,16,1,6,4,15,3,9
4,5,7,6,13,8,9,16,10,14,15,3,2,11,1,12
16,9,11,1,5,6,15,3,7,2,12,4,8,13,10,14
